 Lambda  Total   sCH2/H2  CH3/H    CH2/H/H  CH4+     CH3+H    CH2+H2   CH+H2/H  H+CH3    CH/H2/H 
    1.0 1.00E-21 0.00E+00 0.00E+00 0.00E+00 2.00E-22 2.00E-22 2.00E-22 2.00E-22 2.00E-22 0.00E+00
   23.6 2.60E-19 0.00E+00 0.00E+00 0.00E+00 5.51E-20 5.49E-20 5.10E-20 4.88E-20 5.02E-20 0.00E+00
   31.6 5.30E-19 0.00E+00 0.00E+00 0.00E+00 1.15E-19 1.14E-19 1.03E-19 9.73E-20 1.01E-19 0.00E+00
   39.8 1.00E-18 0.00E+00 0.00E+00 0.00E+00 2.20E-19 2.19E-19 1.93E-19 1.79E-19 1.88E-19 0.00E+00
   42.7 1.30E-18 0.00E+00 0.00E+00 0.00E+00 2.88E-19 2.87E-19 2.50E-19 2.31E-19 2.43E-19 0.00E+00
   40.0 5.90E-20 0.00E+00 0.00E+00 0.00E+00 1.30E-20 1.29E-20 1.14E-20 1.06E-20 1.11E-20 0.00E+00
   63.0 1.50E-19 0.00E+00 0.00E+00 0.00E+00 3.49E-20 3.46E-20 2.83E-20 2.50E-20 2.71E-20 0.00E+00
  100.0 3.70E-19 0.00E+00 0.00E+00 0.00E+00 9.32E-20 9.23E-20 6.75E-20 5.43E-20 6.28E-20 0.00E+00
  158.0 1.30E-18 0.00E+00 0.00E+00 0.00E+00 3.67E-19 3.62E-19 2.24E-19 1.50E-19 1.97E-19 1.44E-34
  250.0 3.70E-18 0.00E+00 0.00E+00 0.00E+00 1.22E-18 1.20E-18 5.76E-19 2.44E-19 4.57E-19 0.00E+00
  278.0 4.00E-18 0.00E+00 0.00E+00 0.00E+00 1.38E-18 1.35E-18 6.03E-19 2.04E-19 4.60E-19 0.00E+00
  303.7 4.00E-18 0.00E+00 0.00E+00 0.00E+00 1.44E-18 1.40E-18 5.84E-19 1.49E-19 4.28E-19 4.44E-34
  358.4 1.17E-17 0.00E+00 0.00E+00 0.00E+00 4.73E-18 4.71E-18 1.22E-18 2.97E-19 7.43E-19 2.60E-33
  363.0 9.80E-18 0.00E+00 0.00E+00 0.00E+00 4.00E-18 3.99E-18 9.84E-19 2.39E-19 5.86E-19 1.09E-33
  374.0 1.31E-17 0.00E+00 0.00E+00 0.00E+00 5.47E-18 5.47E-18 1.20E-18 2.89E-19 6.68E-19 0.00E+00
  418.8 1.68E-17 0.00E+00 0.00E+00 0.00E+00 7.45E-18 7.44E-18 1.25E-18 2.59E-19 4.00E-19 0.00E+00
  434.0 1.61E-17 0.00E+00 0.00E+00 0.00E+00 7.27E-18 7.27E-18 1.11E-18 2.03E-19 2.55E-19 0.00E+00
  452.0 1.96E-17 0.00E+00 0.00E+00 0.00E+00 8.99E-18 9.04E-18 1.20E-18 1.84E-19 1.83E-19 0.00E+00
  459.6 1.82E-17 0.00E+00 0.00E+00 0.00E+00 8.37E-18 8.46E-18 1.06E-18 1.47E-19 1.64E-19 0.00E+00
  475.0 1.97E-17 0.00E+00 0.00E+00 0.00E+00 9.10E-18 9.29E-18 1.04E-18 1.18E-19 1.48E-19 0.00E+00
  508.4 2.30E-17 0.00E+00 0.00E+00 0.00E+00 1.07E-17 1.11E-17 1.06E-18 9.20E-20 1.22E-19 0.00E+00
  525.8 2.38E-17 0.00E+00 0.00E+00 0.00E+00 1.10E-17 1.15E-17 1.05E-18 8.41E-20 1.13E-19 0.00E+00
  529.5 2.16E-17 0.00E+00 0.00E+00 0.00E+00 9.99E-18 1.05E-17 9.51E-19 7.25E-20 1.01E-19 0.00E+00
  533.6 2.12E-17 0.00E+00 0.00E+00 0.00E+00 9.80E-18 1.03E-17 9.27E-19 6.70E-20 9.71E-20 2.35E-33
  539.0 2.50E-17 0.00E+00 0.00E+00 0.00E+00 1.15E-17 1.22E-17 1.08E-18 6.87E-20 1.03E-19 0.00E+00
  555.0 2.50E-17 0.00E+00 0.00E+00 0.00E+00 1.15E-17 1.24E-17 1.04E-18 4.36E-20 6.86E-20 0.00E+00
  574.7 2.97E-17 0.00E+00 0.00E+00 0.00E+00 1.36E-17 1.48E-17 1.22E-18 3.68E-20 6.65E-20 0.00E+00
  580.7 2.79E-17 0.00E+00 0.00E+00 0.00E+00 1.27E-17 1.39E-17 1.15E-18 3.03E-20 5.82E-20 3.10E-33
  599.6 3.13E-17 0.00E+00 0.00E+00 0.00E+00 1.43E-17 1.56E-17 1.25E-18 2.05E-20 6.26E-20 0.00E+00
  604.2 2.98E-17 0.00E+00 0.00E+00 0.00E+00 1.36E-17 1.49E-17 1.18E-18 1.65E-20 5.96E-20 0.00E+00
  616.3 3.41E-17 0.00E+00 0.00E+00 0.00E+00 1.56E-17 1.71E-17 1.33E-18 9.79E-21 6.82E-20 0.00E+00
  629.3 3.52E-17 0.00E+00 0.00E+00 0.00E+00 1.62E-17 1.76E-17 1.34E-18 0.00E+00 7.04E-20 0.00E+00
  637.3 3.53E-17 0.00E+00 0.00E+00 0.00E+00 1.63E-17 1.76E-17 1.32E-18 0.00E+00 6.06E-20 0.00E+00
  660.3 3.66E-17 0.00E+00 0.00E+00 0.00E+00 1.70E-17 1.82E-17 1.31E-18 0.00E+00 3.30E-20 0.00E+00
  661.9 3.56E-17 0.00E+00 0.00E+00 0.00E+00 1.66E-17 1.77E-17 1.27E-18 0.00E+00 3.01E-20 0.00E+00
  671.4 3.78E-17 0.00E+00 0.00E+00 0.00E+00 1.76E-17 1.88E-17 1.32E-18 0.00E+00 1.93E-20 4.20E-33
  671.6 3.96E-17 0.00E+00 0.00E+00 0.00E+00 1.85E-17 1.97E-17 1.39E-18 0.00E+00 1.99E-20 0.00E+00
  679.4 3.61E-17 0.00E+00 0.00E+00 0.00E+00 1.69E-17 1.80E-17 1.24E-18 0.00E+00 8.18E-21 0.00E+00
  685.8 3.94E-17 0.00E+00 0.00E+00 0.00E+00 1.85E-17 1.96E-17 1.34E-18 0.00E+00 0.00E+00 0.00E+00
  688.4 4.04E-17 0.00E+00 0.00E+00 0.00E+00 1.90E-17 2.01E-17 1.36E-18 0.00E+00 0.00E+00 0.00E+00
  698.5 3.78E-17 0.00E+00 0.00E+00 0.00E+00 1.78E-17 1.88E-17 1.24E-18 0.00E+00 0.00E+00 0.00E+00
  718.5 4.20E-17 0.00E+00 0.00E+00 0.00E+00 1.99E-17 2.08E-17 1.30E-18 0.00E+00 0.00E+00 4.66E-33
  746.4 4.14E-17 0.00E+00 0.00E+00 0.00E+00 1.97E-17 2.05E-17 1.19E-18 0.00E+00 0.00E+00 0.00E+00
  764.0 4.77E-17 0.00E+00 0.00E+00 0.00E+00 2.28E-17 2.35E-17 1.34E-18 0.00E+00 0.00E+00 0.00E+00
  769.3 4.30E-17 0.00E+00 0.00E+00 0.00E+00 2.06E-17 2.12E-17 1.20E-18 0.00E+00 0.00E+00 0.00E+00
  773.0 4.62E-17 3.18E-19 6.28E-20 9.24E-20 2.19E-17 2.25E-17 1.28E-18 0.00E+00 0.00E+00 2.31E-21
  796.7 4.74E-17 2.58E-18 4.47E-19 3.79E-19 2.21E-17 2.10E-17 5.97E-19 0.00E+00 0.00E+00 3.54E-19
  806.0 4.70E-17 2.88E-18 4.94E-19 3.74E-19 2.25E-17 1.98E-17 4.75E-19 0.00E+00 0.00E+00 4.30E-19
  827.0 4.82E-17 5.83E-18 1.02E-18 3.80E-19 2.26E-17 1.71E-17 0.00E+00 0.00E+00 0.00E+00 1.30E-18
  833.0 4.85E-17 6.69E-18 1.18E-18 3.81E-19 2.32E-17 1.56E-17 0.00E+00 0.00E+00 0.00E+00 1.50E-18
  840.0 4.75E-17 8.22E-18 1.45E-18 3.72E-19 2.25E-17 1.31E-17 0.00E+00 0.00E+00 0.00E+00 1.88E-18
  843.8 5.20E-17 9.78E-18 1.72E-18 4.06E-19 2.46E-17 1.33E-17 0.00E+00 0.00E+00 0.00E+00 2.24E-18
  850.6 5.10E-17 1.10E-17 1.92E-18 3.97E-19 2.40E-17 1.12E-17 0.00E+00 0.00E+00 0.00E+00 2.53E-18
  858.3 5.12E-17 1.27E-17 2.27E-18 3.97E-19 2.36E-17 9.22E-18 0.00E+00 0.00E+00 0.00E+00 2.96E-18
  871.1 5.24E-17 1.65E-17 2.84E-18 4.04E-19 2.79E-17 0.00E+00 0.00E+00 0.00E+00 0.00E+00 4.77E-18
  875.5 5.07E-17 1.64E-17 2.94E-18 3.90E-19 2.72E-17 0.00E+00 0.00E+00 0.00E+00 0.00E+00 3.82E-18
  878.7 5.10E-17 1.82E-17 3.21E-18 3.91E-19 2.50E-17 0.00E+00 0.00E+00 0.00E+00 0.00E+00 4.25E-18
  883.1 5.10E-17 1.82E-17 3.23E-18 3.90E-19 2.50E-17 0.00E+00 0.00E+00 0.00E+00 0.00E+00 4.24E-18
  887.4 5.20E-17 1.97E-17 3.40E-18 3.97E-19 2.39E-17 0.00E+00 0.00E+00 0.00E+00 0.00E+00 4.57E-18
  906.0 4.95E-17 2.27E-17 4.01E-18 3.74E-19 1.72E-17 0.00E+00 0.00E+00 0.00E+00 0.00E+00 5.22E-18
  916.0 4.65E-17 2.32E-17 4.14E-18 3.50E-19 1.35E-17 0.00E+00 0.00E+00 0.00E+00 0.00E+00 5.32E-18
  919.8 5.17E-17 2.66E-17 4.65E-18 3.88E-19 1.40E-17 0.00E+00 0.00E+00 0.00E+00 0.00E+00 6.07E-18
  932.1 5.20E-17 2.97E-17 5.20E-18 3.88E-19 9.93E-18 0.00E+00 0.00E+00 0.00E+00 0.00E+00 6.74E-18
  945.0 5.46E-17 3.82E-17 6.83E-18 4.05E-19 0.00E+00 0.00E+00 0.00E+00 0.00E+00 0.00E+00 9.15E-18
  951.9 5.60E-17 3.93E-17 6.86E-18 4.13E-19 0.00E+00 0.00E+00 0.00E+00 0.00E+00 0.00E+00 9.44E-18
  954.8 5.60E-17 3.93E-17 6.80E-18 4.13E-19 0.00E+00 0.00E+00 0.00E+00 0.00E+00 0.00E+00 9.47E-18
  955.5 5.60E-17 3.93E-17 6.78E-18 4.13E-19 0.00E+00 0.00E+00 0.00E+00 0.00E+00 0.00E+00 9.47E-18
  958.5 6.00E-17 4.22E-17 7.20E-18 4.41E-19 0.00E+00 0.00E+00 0.00E+00 0.00E+00 0.00E+00 1.02E-17
  961.5 5.60E-17 3.94E-17 6.66E-18 4.11E-19 0.00E+00 0.00E+00 0.00E+00 0.00E+00 0.00E+00 9.52E-18
  977.0 4.40E-17 3.11E-17 4.98E-18 3.20E-19 0.00E+00 0.00E+00 0.00E+00 0.00E+00 0.00E+00 7.58E-18
  978.0 4.10E-17 2.90E-17 4.63E-18 2.98E-19 0.00E+00 0.00E+00 0.00E+00 0.00E+00 0.00E+00 7.07E-18
  979.8 4.10E-17 2.90E-17 4.60E-18 2.98E-19 0.00E+00 0.00E+00 0.00E+00 0.00E+00 0.00E+00 7.08E-18
  988.8 3.36E-17 2.38E-17 3.66E-18 2.43E-19 0.00E+00 0.00E+00 0.00E+00 0.00E+00 0.00E+00 5.85E-18
  989.8 3.80E-17 2.70E-17 4.12E-18 2.75E-19 0.00E+00 0.00E+00 0.00E+00 0.00E+00 0.00E+00 6.62E-18
  991.5 2.91E-17 2.07E-17 3.14E-18 2.10E-19 0.00E+00 0.00E+00 0.00E+00 0.00E+00 0.00E+00 5.08E-18
 1025.0 3.30E-17 2.37E-17 3.15E-18 2.34E-19 0.00E+00 0.00E+00 0.00E+00 0.00E+00 0.00E+00 5.93E-18
 1036.3 3.10E-17 2.23E-17 2.83E-18 2.18E-19 0.00E+00 0.00E+00 0.00E+00 0.00E+00 0.00E+00 5.62E-18
 1037.0 2.95E-17 2.13E-17 2.69E-18 2.08E-19 0.00E+00 0.00E+00 0.00E+00 0.00E+00 0.00E+00 5.35E-18
 1065.9 3.10E-17 2.25E-17 2.67E-18 1.88E-19 0.00E+00 0.00E+00 0.00E+00 0.00E+00 0.00E+00 5.64E-18
 1071.8 3.20E-17 2.30E-17 2.68E-18 5.99E-19 0.00E+00 0.00E+00 0.00E+00 0.00E+00 0.00E+00 5.72E-18
 1084.6 2.70E-17 1.89E-17 2.11E-18 1.42E-18 0.00E+00 0.00E+00 0.00E+00 0.00E+00 0.00E+00 4.59E-18
 1084.9 2.62E-17 1.83E-17 2.05E-18 1.40E-18 0.00E+00 0.00E+00 0.00E+00 0.00E+00 0.00E+00 4.45E-18
 1085.5 2.91E-17 2.03E-17 2.26E-18 1.60E-18 0.00E+00 0.00E+00 0.00E+00 0.00E+00 0.00E+00 4.93E-18
 1134.4 1.75E-17 1.09E-17 9.81E-19 3.23E-18 0.00E+00 0.00E+00 0.00E+00 0.00E+00 0.00E+00 2.38E-18
 1135.0 1.89E-17 1.18E-17 1.05E-18 3.52E-18 0.00E+00 0.00E+00 0.00E+00 0.00E+00 0.00E+00 2.56E-18
 1152.0 1.84E-17 1.10E-17 8.88E-19 4.25E-18 0.00E+00 0.00E+00 0.00E+00 0.00E+00 0.00E+00 2.28E-18
 1152.1 1.89E-17 1.13E-17 9.12E-19 4.38E-18 0.00E+00 0.00E+00 0.00E+00 0.00E+00 0.00E+00 2.34E-18
 1175.5 2.30E-17 1.29E-17 8.70E-19 6.75E-18 0.00E+00 0.00E+00 0.00E+00 0.00E+00 0.00E+00 2.47E-18
 1176.4 2.51E-17 1.40E-17 9.40E-19 7.43E-18 0.00E+00 0.00E+00 0.00E+00 0.00E+00 0.00E+00 2.68E-18
 1176.5 1.70E-17 9.51E-18 6.36E-19 5.03E-18 0.00E+00 0.00E+00 0.00E+00 0.00E+00 0.00E+00 1.82E-18
 1183.0 2.30E-17 1.26E-17 7.94E-19 7.21E-18 0.00E+00 0.00E+00 0.00E+00 0.00E+00 0.00E+00 2.36E-18
 1184.5 2.00E-17 1.09E-17 6.77E-19 6.35E-18 0.00E+00 0.00E+00 0.00E+00 0.00E+00 0.00E+00 2.03E-18
 1189.0 1.61E-17 8.70E-18 5.13E-19 5.30E-18 0.00E+00 0.00E+00 0.00E+00 0.00E+00 0.00E+00 1.58E-18
 1199.5 1.90E-17 9.97E-18 5.17E-19 6.78E-18 0.00E+00 0.00E+00 0.00E+00 0.00E+00 0.00E+00 1.73E-18
 1200.7 1.75E-17 9.15E-18 4.67E-19 6.30E-18 0.00E+00 0.00E+00 0.00E+00 0.00E+00 0.00E+00 1.58E-18
 1200.7 1.90E-17 9.93E-18 5.06E-19 6.84E-18 0.00E+00 0.00E+00 0.00E+00 0.00E+00 0.00E+00 1.72E-18
 1206.9 1.80E-17 9.24E-18 4.30E-19 6.78E-18 0.00E+00 0.00E+00 0.00E+00 0.00E+00 0.00E+00 1.55E-18
 1215.5 1.75E-17 8.76E-18 3.52E-19 6.99E-18 0.00E+00 0.00E+00 0.00E+00 0.00E+00 0.00E+00 1.40E-18
 1215.7 1.60E-17 8.00E-18 3.20E-19 6.40E-18 0.00E+00 0.00E+00 0.00E+00 0.00E+00 0.00E+00 1.28E-18
 1217.6 1.90E-17 9.89E-18 3.93E-19 7.08E-18 0.00E+00 0.00E+00 0.00E+00 0.00E+00 0.00E+00 1.63E-18
 1243.3 1.80E-17 1.44E-17 5.40E-19 1.81E-18 0.00E+00 0.00E+00 0.00E+00 0.00E+00 0.00E+00 1.25E-18
 1275.1 1.60E-17 1.30E-17 9.94E-19 9.60E-19 0.00E+00 0.00E+00 0.00E+00 0.00E+00 0.00E+00 1.03E-18
 1302.2 1.40E-17 1.15E-17 1.25E-18 3.55E-19 0.00E+00 0.00E+00 0.00E+00 0.00E+00 0.00E+00 8.44E-19
 1304.9 1.40E-17 1.16E-17 1.29E-18 3.06E-19 0.00E+00 0.00E+00 0.00E+00 0.00E+00 0.00E+00 8.39E-19
 1306.0 1.40E-17 1.16E-17 1.31E-18 2.87E-19 0.00E+00 0.00E+00 0.00E+00 0.00E+00 0.00E+00 8.36E-19
 1324.0 1.30E-17 1.08E-17 1.45E-18 0.00E+00 0.00E+00 0.00E+00 0.00E+00 0.00E+00 0.00E+00 7.07E-19
 1330.0 1.10E-17 9.20E-18 1.29E-18 0.00E+00 0.00E+00 0.00E+00 0.00E+00 0.00E+00 0.00E+00 5.04E-19
 1336.0 1.00E-17 8.39E-18 1.24E-18 0.00E+00 0.00E+00 0.00E+00 0.00E+00 0.00E+00 0.00E+00 3.72E-19
 1362.0 6.85E-18 5.82E-18 1.03E-18 0.00E+00 0.00E+00 0.00E+00 0.00E+00 0.00E+00 0.00E+00 0.00E+00
 1370.0 3.20E-18 2.72E-18 4.80E-19 0.00E+00 0.00E+00 0.00E+00 0.00E+00 0.00E+00 0.00E+00 0.00E+00
 1380.0 2.20E-18 1.87E-18 3.30E-19 0.00E+00 0.00E+00 0.00E+00 0.00E+00 0.00E+00 0.00E+00 0.00E+00
 1390.0 1.20E-18 1.02E-18 1.80E-19 0.00E+00 0.00E+00 0.00E+00 0.00E+00 0.00E+00 0.00E+00 0.00E+00
 1400.0 6.80E-19 5.78E-19 1.02E-19 0.00E+00 0.00E+00 0.00E+00 0.00E+00 0.00E+00 0.00E+00 0.00E+00
 1410.0 3.60E-19 3.06E-19 5.40E-20 0.00E+00 0.00E+00 0.00E+00 0.00E+00 0.00E+00 0.00E+00 0.00E+00
 1420.0 1.60E-19 1.36E-19 2.40E-20 0.00E+00 0.00E+00 0.00E+00 0.00E+00 0.00E+00 0.00E+00 0.00E+00
 1430.0 7.80E-20 6.63E-20 1.17E-20 0.00E+00 0.00E+00 0.00E+00 0.00E+00 0.00E+00 0.00E+00 0.00E+00
 1440.0 2.20E-20 1.87E-20 3.30E-21 0.00E+00 0.00E+00 0.00E+00 0.00E+00 0.00E+00 0.00E+00 0.00E+00
 1450.0 8.00E-21 6.80E-21 1.20E-21 0.00E+00 0.00E+00 0.00E+00 0.00E+00 0.00E+00 0.00E+00 0.00E+00
 1460.0 2.80E-21 2.38E-21 4.20E-22 0.00E+00 0.00E+00 0.00E+00 0.00E+00 0.00E+00 0.00E+00 0.00E+00
 1470.0 7.90E-22 6.71E-22 1.19E-22 0.00E+00 0.00E+00 0.00E+00 0.00E+00 0.00E+00 0.00E+00 0.00E+00
 1480.0 2.80E-22 2.38E-22 4.20E-23 0.00E+00 0.00E+00 0.00E+00 0.00E+00 0.00E+00 0.00E+00 0.00E+00
 1490.0 8.60E-23 7.31E-23 1.29E-23 0.00E+00 0.00E+00 0.00E+00 0.00E+00 0.00E+00 0.00E+00 0.00E+00
 1500.0 3.80E-23 3.23E-23 5.70E-24 0.00E+00 0.00E+00 0.00E+00 0.00E+00 0.00E+00 0.00E+00 0.00E+00
 1510.0 2.30E-23 1.96E-23 3.45E-24 0.00E+00 0.00E+00 0.00E+00 0.00E+00 0.00E+00 0.00E+00 0.00E+00
 1520.0 1.60E-23 1.35E-23 2.51E-24 0.00E+00 0.00E+00 0.00E+00 0.00E+00 0.00E+00 0.00E+00 0.00E+00
 1530.0 1.20E-23 1.00E-23 2.00E-24 0.00E+00 0.00E+00 0.00E+00 0.00E+00 0.00E+00 0.00E+00 0.00E+00
 1540.0 9.20E-24 7.57E-24 1.63E-24 0.00E+00 0.00E+00 0.00E+00 0.00E+00 0.00E+00 0.00E+00 0.00E+00
 1550.0 8.10E-24 6.59E-24 1.51E-24 0.00E+00 0.00E+00 0.00E+00 0.00E+00 0.00E+00 0.00E+00 0.00E+00
 1560.0 7.40E-24 5.95E-24 1.45E-24 0.00E+00 0.00E+00 0.00E+00 0.00E+00 0.00E+00 0.00E+00 0.00E+00
 1570.0 7.10E-24 5.64E-24 1.46E-24 0.00E+00 0.00E+00 0.00E+00 0.00E+00 0.00E+00 0.00E+00 0.00E+00
 1580.0 6.80E-24 5.33E-24 1.47E-24 0.00E+00 0.00E+00 0.00E+00 0.00E+00 0.00E+00 0.00E+00 0.00E+00
 1590.0 6.40E-24 4.95E-24 1.45E-24 0.00E+00 0.00E+00 0.00E+00 0.00E+00 0.00E+00 0.00E+00 0.00E+00
 1600.0 6.00E-24 4.58E-24 1.42E-24 0.00E+00 0.00E+00 0.00E+00 0.00E+00 0.00E+00 0.00E+00 0.00E+00
 1850.0 4.00E-24 2.07E-24 1.93E-24 0.00E+00 0.00E+00 0.00E+00 0.00E+00 0.00E+00 0.00E+00 4.44E-40
 2100.0 1.00E-25 2.70E-26 7.30E-26 0.00E+00 0.00E+00 0.00E+00 0.00E+00 0.00E+00 0.00E+00 0.00E+00
 2373.0 3.00E-26 0.00E+00 3.00E-26 0.00E+00 0.00E+00 0.00E+00 0.00E+00 0.00E+00 0.00E+00 0.00E+00
 2770.0 1.00E-28 0.00E+00 1.00E-28 0.00E+00 0.00E+00 0.00E+00 0.00E+00 0.00E+00 0.00E+00 0.00E+00
